0.743461176196 0.464656328377 0
1.65755661779 -0.632031569098 1
-0.158788747932 0.255844647136 1
-1.08875199838 -0.396943153948 0
1.76805199655 -0.254432127061 1
1.95416454349 -0.128505793878 1
0.936945369302 0.36597075346 0
0.884465894952 -0.475954006526 1
0.809502458866 0.350523096902 0
1.22780909943 -0.647851081271 1
-0.384542764553 0.509163806442 0
0.0925213456852 -0.316184544303 1
1.79531657908 -0.322355906495 1
1.43861749335 -0.157966113745 1
-0.823648659037 0.86822753642 0
0.996333971554 0.173101902671 0
0.663887006774 0.946596691523 0
0.132294713949 -0.260326185168 1
0.248224500846 0.786047698853 0
-1.00392101698 1.15207237657 0
2.08208438051 0.00715605825965 1
0.870813417927 -0.436664297426 1
0.372683268056 1.01743001812 0
1.26735926905 -0.118136750587 1
-0.132701538195 1.26653562041 0
0.203310002716 0.195194537109 1
1.98373995743 -0.112223154543 1
1.82749513474 -0.0308544603603 1
-0.0385786683864 0.0838377961679 1
0.0335102261427 0.631138172855 0
0.941932833565 0.632045074249 0
-0.391318942627 0.409252006391 0
0.883570425567 -0.358688449874 1
-0.011412189183 0.304376347537 1
0.758771136555 0.760570453413 0
1.79414415611 0.283233892383 1
0.561166335881 -0.0330033023031 1
0.871613093186 0.0171596934886 0
-0.751919218495 0.637983167143 0
-0.21911253373 0.496628642265 1
0.637119329765 -0.555371831378 1
-0.255314417308 0.839539331303 0
0.577530169897 0.645640148135 0
0.159318781742 -0.028351835382 1
1.53296942808 -0.362778257559 1
-0.246489806961 1.0913604735 0
1.164433014 0.0149578114278 0
-0.705745278622 0.548830025524 0
0.169191468079 -0.308956648245 1
1.07178179883 -0.401419878546 1
-0.897043302982 0.876909961174 0
0.482849097684 -0.214523736719 1
2.25536302013 0.0286268488068 1
-0.625231329746 0.0386857577762 0
1.22821377212 -0.501191594405 1
0.842483066482 0.557283145867 0
0.458572359117 0.501701901214 0
0.980319569569 -0.568113673931 1
0.105993600076 0.90514125267 0
-0.215824184156 1.03521642368 0
0.0672163229213 -0.164907697909 1
-1.07873435215 0.366441628834 0
1.6017216453 -0.376049947915 1
1.02592324678 0.421434266429 0
1.06739115317 -0.38783511315 1
-1.35462041177 0.285247615181 0
-0.207849818636 1.09043494794 0
1.6165248548 -0.294694830478 1
0.263754092437 0.915083670028 0
-0.998051840901 0.624205443321 0
0.622736176885 -0.528046435571 1
-1.0873102034 0.781286075722 0
0.0126292419437 -0.597153740541 1
-0.529534391084 0.693073157119 1
0.783624420888 -0.258441439816 1
-0.942624508964 0.572583512253 0
0.0904871164442 0.0890939017403 1
0.997165739738 0.350174253382 0
0.463017695595 0.863924183753 0
0.71787709343 -0.0970836095981 1
2.13330659259 0.112004058098 1
-0.414670677421 0.922546914638 0
0.623393204812 -0.694226940887 1
2.04970273562 0.663683056971 1
-0.00353233747612 0.214870643204 1
-0.276319693105 1.34161044582 0
0.822626094815 -0.0231744486932 0
-0.466100151274 0.987648789296 0
0.644264736705 -0.362098079931 1
1.96682571411 0.264673700173 1
0.71060914832 0.809905459112 0
1.12820352827 0.46643419757 0
1.99150161751 0.0253485763537 1
-0.663420481032 0.853014409517 0
2.04362850181 0.245634526842 1
1.77377397172 -0.105139069168 1
1.7734639984 -0.341025126048 1
0.661376857816 -0.313141038383 1
-1.15442773595 0.405742433813 0
0.0416756235616 -0.0746209247492 1
1.40426435101 -0.932063823156 1
1.99317675958 0.489039831638 1
0.176733418437 1.31788739778 0
1.12344624601 -0.0955632727521 0
-0.64018301008 0.752141367965 0
0.172955793256 0.601355255149 1
-0.976446167072 0.0361286376139 0
-0.563577582047 1.15774717379 0
1.60440089428 -0.351163578588 1
0.133876665391 0.694432900964 0
-0.599096766237 0.769030394186 0
0.102353299055 1.09326206534 0
-0.220474364329 1.28343927048 0
-0.704167083774 0.306492740415 0
0.957096009492 0.305021430419 0
1.65936346271 -0.703515674192 1
0.189116908416 0.648874239725 0
2.02773676954 0.250214508944 1
0.651576401941 -0.406774942229 1
0.55688998037 0.261208867249 0
0.81816111111 0.78952806191 0
-0.483670528774 0.436798127647 0
-0.147398279631 0.225561928524 1
0.118347862525 0.99156023271 0
-0.252533869909 0.187766971014 1
-0.933135220198 0.733859585501 0
0.697521600014 -0.118326106327 0
0.333323206354 0.140065917386 1
1.06519327045 -0.388679492054 1
1.93699610352 0.631121607737 1
1.05840956915 0.518584425721 0
-0.508409389828 0.552594935549 0
-1.32109804582 0.51437656846 0
0.294499706476 -0.260789380068 1
1.33653620997 -0.18005761083 1
1.51241178361 0.110813309529 1
1.01934806693 -0.179936289432 1
-1.1330548304 0.11109961968 0
2.07463826056 0.512537049474 1
0.734516788751 0.534623300012 0
-0.122134423143 0.152920365972 1
-0.0557186041541 0.572867941925 1
0.450460332359 1.09585861367 0
-0.720460800813 1.01733353919 0
-0.336988246182 0.890606608088 0
1.06287750307 0.172314958916 0
0.340053552747 0.324863583826 1
1.24491552056 -0.513757395258 1
0.309660025583 1.16677530642 0
-0.06114159089 -0.0292107194973 1
0.482817206358 -0.431960994079 1
1.6873424937 -0.687236699082 1
0.808621058837 0.284153724123 0
0.298091623624 0.822114323919 0
0.849654703298 -0.305073449532 1
-0.38021709552 0.884146230668 0
1.32734432366 -0.480568883794 1
0.233370566634 0.107505679812 1
0.688417730147 1.15068263827 0
0.677962396595 0.780244823717 0
0.339591296156 -0.0222385680209 1
1.30440877054 -0.529509173404 1
0.753075935622 0.852686904768 0
1.42988470053 -0.210802223299 1
0.556319033265 -0.707814813749 1
1.45384400911 0.127185289961 1
0.320375395536 0.872713891021 0
0.531481466403 -0.274240773611 1
1.51658699355 -0.450697194438 1
0.998264028823 -0.809790752801 1
0.639182986125 0.966067391271 0
-1.28559029514 0.106772621689 0
-1.0784095907 0.564025231075 0
-0.577167976521 0.294225903743 0
0.254035988341 -0.00644001673862 1
0.91722632086 -0.296574994545 1
1.43380708669 0.691830711757 1
-0.708511683276 0.496178550247 0
-0.6468338648 0.469712523328 0
0.30143460547 0.763985721528 0
1.48069489426 -0.357280795907 1
-1.02663961096 0.412658234715 0
1.8966087098 0.254132085305 1
2.04251223164 -0.460745931154 1
1.92673018859 0.408179628666 1
0.357662756724 1.08728110439 0
0.124031498916 0.67672995283 0
0.973320866001 -0.705306783431 1
-0.728942276149 0.44179419405 0
-0.698630610106 0.776202925688 0
-0.935167516904 0.435208027043 0
0.451669265217 1.00185496876 0
0.876296409331 0.289519990073 0
0.881558183757 0.239259567606 0
-0.0779514707893 0.279952612342 1
-0.563658989989 0.891897201227 0
1.60498059814 0.138355159238 1
0.276956679449 0.0121081556998 1
0.259194293979 1.04104212567 0
1.5215204998 -0.12589229566 1
